26657207 13.750000 
37342516 11.070000 
11695757 16.209999 
97437290 13.420000 
64519994 8.770000 
61726574 16.170000 
42430265 12.030000 
88029360 7.900000 
5923545 15.400000 
38996850 10.660000 
59877661 14.810000 
74393876 7.950000 
1305899 11.970000 
32739917 10.910000 
59439118 7.310000 
80006637 10.980000 
20175501 16.100000 
28786456 16.360001 
42214940 12.610000 
21957910 16.459999 
3691490 9.180000 
41337972 10.000000 
12274568 0.00000012274568 0.00000012274568 0.00000012274568 0.00000012274568 0.000000