8052656 11.490000 
18001018 10.280000 
44812989 9.580000 
76519687 16.520000 
4601050 9.920000 
72667268 11.040000 
28265074 13.990000 
78688006 11.420000 
79211228 14.570000 
19561989 15.930000 
19565811 13.420000 
97681638 15.850000 
20780027 13.600000 
45893848 12.220000 
17028189 14.150000 
96847722 15.410000 
91894675 16.340000 
74339264 10.460000 
77981344 7.700000 
44889299 12.450000 
74292382 7.600000 
59419690 16.350000 
92504722 16.180000 
77778587 12.320000 
6197463 13.290000 
67488850 14.170000 
90383197 15.980000 
21445164 10.330000 
48437961 13.320000 
76650530 12.590000 
75586266 10.230000 
35237275 8.610000 
61223978 11.420000 
36258885 14.490000 
92556338 12.700000 
14381683 14.440000 
23527498 12.970000 
3316827 12.990000 
54491845 16.980000 
94651336 10.210000 
2284717 9.730000 
22094652 14.300000 
70455216 10.920000 
36865677 8.090000 
99432225 15.790000 
37859816 15.390000 
32170941 8.920000 
71447297 11.930000 
91119641 9.800000 
24315813 7.320000 
8648507 16.510000 
18675649 14.960000 
98530283 15.660000 
68080710 10.080000 
80997993 10.120000 
94820768 13.330000 
50426964 7.110000 
64803369 15.650000 
73577140 10.650000 
20271053 14.800000 
30268162 11.310000 
24152386 11.340000 
28351415 14.500000 
61899439 8.230000 
46494579 11.110000 
29887623 12.270000 
37593124 8.930000 
56096054 11.640000 
65868817 9.660000 
61439115 11.430000 
90895933 9.850000 
67729319 8.540000 
80790707 14.290000 
87847765 16.549999 
99864172 12.300000 
14192011 7.320000 
96296117 11.130000 
65066149 11.810000 
38526398 10.050000 
1713429 11.700000 
3546176 10.840000 
21649635 13.220000 
70705938 11.100000 
42587248 15.490000 
74648682 9.380000 
7445822 14.980000 
94058339 12.420000 
49591918 16.430000 
74139829 9.050000 
68050179 8.410000 
29174877 9.350000 
49984890 13.630000 
40872039 12.500000 
34140095 9.760000 
52344270 13.740000 
36514005 12.710000 
19631545 11.590000 
62805905 7.170000 
55606409 14.980000 
24518987 7.690000 
95690179 7.290000 
87203208 14.530000 
66402315 8.570000 
18800721 13.230000 
51829896 13.240000 
52657664 15.970000 
97657368 12.720000 
59898500 14.340000 
80471821 14.410000 
37630302 15.310000 
36670815 11.330000 
56848295 11.710000 
11675684 15.280000 
99059443 11.060000 
99248741 10.860000 
33128858 12.340000 
34759738 15.230000 
44078285 12.360000 
94474093 13.250000 
88137349 10.480000 
18708592 14.050000 
90986606 15.260000 
68055473 11.360000 
80339752 12.100000 
36388692 13.050000 
74257455 16.110001 
87101139 7.570000 
96106605 9.210000 
74864240 8.200000 
48026383 12.050000 
54113361 16.030001 
25386131 8.900000 
42091210 8.810000 
52812368 14.220000 
24498691 13.360000 
20258481 11.510000 
32915281 15.470000 
14710002 14.510000 
23994930 11.250000 
17169283 15.750000 
38332009 7.160000 
13933634 7.710000 
90979560 13.330000 
95536167 7.220000 
17367260 10.350000 
64600176 9.390000 
68633128 12.320000 
41648893 12.120000 
12570767 7.710000 
22173088 8.950000 
29462178 16.690001 
