78960416 7.410000 
90021946 8.500000 
47178828 10.290000 
97165306 16.360001 
67305881 11.400000 
25856930 15.230000 
99775174 10.700000 
67961922 15.760000 
67411994 10.030000 
64766012 9.250000 
11007819 13.300000 
62593161 15.470000 
83498527 14.320000 
74730420 8.680000 
47215820 7.760000 
44104647 11.190000 
37858542 10.690000 
52367195 16.620001 
18878121 10.690000 
45216606 9.820000 
67884276 16.280001 
59229944 10.120000 
12748126 16.070000 
31409275 10.040000 
66226969 9.640000 
41574498 11.960000 
25524277 14.430000 
87207821 7.270000 
36906308 7.400000 
8281448 8.490000 
337730 11.270000 
69669213 16.900000 
35637069 10.260000 
5580563 10.730000 
10803045 16.309999 
27809536 8.970000 
34301414 7.170000 
67180457 10.930000 
93167736 11.770000 
61127053 10.650000 
8743527 7.530000 
69001057 16.980000 
66342264 14.850000 
53086294 13.110000 
85988367 14.910000 
28400705 14.760000 
69126071 9.180000 
5334180 11.650000 
98068667 12.860000 
81290714 14.840000 
38818271 12.700000 
18806406 8.550000 
36439212 9.480000 
11902981 15.820000 
79032623 8.220000 
84215984 15.210000 
78237846 11.480000 
7812451 12.080000 
41995447 15.440000 
75688837 13.960000 
65522835 12.330000 
64246399 8.150000 
61289742 7.420000 
14025726 13.970000 
78074306 9.630000 
10192760 11.200000 
53803601 7.890000 
39884423 7.960000 
24548573 11.810000 
60371748 9.020000 
97342693 8.590000 
66025456 11.560000 
16347029 9.660000 
88126106 7.040000 
20314977 14.410000 
81543509 8.730000 
27412059 7.040000 
96134766 14.690000 
2770736 15.220000 
14659769 8.750000 
41715415 13.200000 
94111421 13.230000 
35251585 16.230000 
93116534 11.840000 
97695512 15.930000 
3462699 10.520000 
64676720 9.560000 
58611658 13.920000 
41329748 15.780000 
21206000 13.810000 
27828295 8.230000 
71480454 13.730000 
9042589 13.360000 
79799198 11.440000 
10765529 8.290000 
44023464 9.950000 
67074867 12.670000 
5708198 15.750000 
76550770 12.480000 
52685476 11.930000 
19692410 7.250000 
32702467 16.830000 
94563616 11.990000 
51978053 13.440000 
26462135 15.160000 
5966951 13.960000 
88781282 16.950001 
2695544 10.010000 
31707695 10.380000 
63744101 10.220000 
66774455 15.730000 
17971184 11.460000 
54603265 7.660000 
37895860 15.050000 
3792352 8.930000 
94655404 15.840000 
70324002 8.020000 
74246630 13.780000 
29488101 12.610000 
71167942 16.260000 
50342613 14.310000 
46565853 8.550000 
11613370 15.530000 
71334813 9.570000 
63877296 12.080000 
16536679 9.680000 
52400635 7.300000 
22465466 10.040000 
48889136 7.840000 
95808588 13.650000 
54350326 8.560000 
145864 7.200000 
15123340 11.780000 
36078931 8.810000 
682439 12.980000 
67111666 15.260000 
93865074 12.880000 
17520601 16.920000 
75738775 12.360000 
67610978 9.090000 
86048464 8.450000 
