65508487 7.180000 
55860281 9.910000 
19904131 15.620000 
26460416 13.260000 
4694982 14.820000 
80844593 15.290000 
53232793 12.250000 
58445818 7.530000 
54863270 14.510000 
81712216 7.760000 
59317477 9.750000 
52751916 16.110001 
17012422 14.250000 
47740889 12.890000 
74443706 16.570000 
54939820 13.640000 
48342840 13.900000 
90715128 13.510000 
84081475 7.480000 
76243280 8.670000 
74378043 11.880000 
24412918 7.510000 
28127680 12.380000 
54527467 11.840000 
76820999 9.630000 
75387880 8.960000 
30480684 14.050000 
